1748752688057 0.3487367033958435 0
1748752688498 0.35472074151039124 1
1748752688926 0.35472074151039124 2
1748752689273 0.36868351697921753 3
1748752689615 0.40026596188545227 4
1748752690038 0.44215425848960876 5
1748752690451 0.585106372833252 6
1748752690857 0.6712101101875305 7
1748752691309 0.7583111524581909 8
1748752691726 0.8261303305625916 9
1748752692154 0.8587101101875305 10
1748752692516 0.8577127456665039 11
1748752692861 0.8766622543334961 12
1748752693214 0.9012632966041565 13
1748752693563 0.9102393388748169 14
1748752693910 0.9135638475418091 15
1748752694269 0.9248670339584351 16
1748752700332 0.8577127456665039 17
