1748752688057 1.4174785614013672 0
1748752688498 1.3007581233978271 1
1748752688926 1.239094614982605 2
1748752689273 1.1644623279571533 3
1748752689615 1.11162269115448 4
1748752690038 1.0445606708526611 5
1748752690451 0.8511224985122681 6
1748752690857 0.7086747884750366 7
1748752691309 0.5763987302780151 8
1748752691726 0.45097461342811584 9
1748752692154 0.40338754653930664 10
1748752692516 0.36921828985214233 11
1748752692861 0.3277035355567932 12
1748752693214 0.28482553362846375 13
1748752693563 0.26114359498023987 14
1748752693910 0.25141623616218567 15
1748752694269 0.2344142645597458 16
1748752700332 0.36921828985214233 17
