1748660794977 0.34345874190330505 0
1748660795709 0.35795649886131287 1
1748660796299 0.35968244075775146 2
1748660796806 0.3810838758945465 3
1748660797380 0.513979971408844 4
1748660797902 0.6082153916358948 5
1748660798374 0.7166033983230591 6
1748660798976 0.8253365755081177 7
1748660799449 0.8650327920913696 8
1748660799958 0.893683135509491 9
1748660800427 0.9023127555847168 10
1748660800958 0.9247497320175171 11
1748660801423 0.9330341815948486 12
1748660801893 0.937866747379303 13
1748660807494 0.8650327920913696 14
