1748660794977 1.4254404306411743 0
1748660795709 1.2943345308303833 1
1748660796299 1.2329908609390259 2
1748660796806 1.1652132272720337 3
1748660797380 0.9521357417106628 4
1748660797902 0.7790728807449341 5
1748660798374 0.6395325660705566 6
1748660798976 0.4719524085521698 7
1748660799449 0.38388386368751526 8
1748660799958 0.3081226646900177 9
1748660800427 0.2771179676055908 10
1748660800958 0.23385848104953766 11
1748660801423 0.2088857889175415 12
1748660801893 0.19535303115844727 13
1748660807494 0.38388386368751526 14
