1748667821450 0.34307360649108887 0
1748667822103 0.3315295875072479 1
1748667822613 0.36002886295318604 2
1748667823059 0.36724385619163513 3
1748667823560 0.44949495792388916 4
1748667824051 0.572510838508606 5
1748667824518 0.6829004287719727 6
1748667824940 0.7543290257453918 7
1748667825441 0.7976190447807312 8
1748667825908 0.8261183500289917 9
1748667826410 0.8593073487281799 10
1748667826825 0.8777056336402893 11
1748667827262 0.8982684016227722 12
1748667827683 0.9076479077339172 13
1748667828114 0.9141414165496826 14
1748667832975 0.8261183500289917 15
