1748667821450 1.4175208806991577 0
1748667822103 1.2896387577056885 1
1748667822613 1.2118346691131592 2
1748667823059 1.1511319875717163 3
1748667823560 1.039637565612793 4
1748667824051 0.8755454421043396 5
1748667824518 0.7020689845085144 6
1748667824940 0.5703813433647156 7
1748667825441 0.4955824017524719 8
1748667825908 0.4223260283470154 9
1748667826410 0.3700464069843292 10
1748667826825 0.3418838679790497 11
1748667827262 0.2898772358894348 12
1748667827683 0.2648073136806488 13
1748667828114 0.22782601416110992 14
1748667832975 0.4223260283470154 15
