1748708461725 0.3388594090938568 0
1748708462346 0.3474801182746887 1
1748708462864 0.37897878885269165 2
1748708463489 0.4698275923728943 3
1748708464134 0.5626657605171204 4
1748708464654 0.6220158934593201 5
1748708465193 0.7533156275749207 6
1748708465712 0.8133289217948914 7
1748708466219 0.85709547996521 8
1748708466835 0.886936366558075 9
1748708467372 0.9061670899391174 10
1748708467872 0.9164456129074097 11
1748708468405 0.9413129687309265 12
1748708468892 0.9383289217948914 13
1748708475292 0.85709547996521 14
