1748708461725 1.430709719657898 0
1748708462346 1.2824960947036743 1
1748708462864 1.1780391931533813 2
1748708463489 1.0076136589050293 3
1748708464134 0.8483936786651611 4
1748708464654 0.7421432137489319 5
1748708465193 0.5855478048324585 6
1748708465712 0.48176077008247375 7
1748708466219 0.3903747498989105 8
1748708466835 0.31634512543678284 9
1748708467372 0.2817673683166504 10
1748708467872 0.24925075471401215 11
1748708468405 0.19558380544185638 12
1748708468892 0.1988239586353302 13
1748708475292 0.3903747498989105 14
