1748703292242 0.3328985869884491 0
1748703292736 0.3638734817504883 1
1748703293236 0.35735246539115906 2
1748703293757 0.3775676488876343 3
1748703294267 0.5285295248031616 4
1748703294781 0.6697098016738892 5
1748703295260 0.7658950090408325 6
1748703295736 0.8154548406600952 7
1748703296252 0.8607760071754456 8
1748703296745 0.8946853876113892 9
1748703297231 0.917834997177124 10
1748703297700 0.9292468428611755 11
1748703298213 0.9387022852897644 12
1748703298715 0.9484838843345642 13
1748703299210 0.9501141309738159 14
1748703299711 0.9595696330070496 15
1748703300234 0.9569612145423889 16
1748703300730 0.9566351771354675 17
1748703301241 0.9638082981109619 18
1748703301749 0.9673948287963867 19
1748703302253 0.9660906195640564 20
1748703302748 0.9690251350402832 21
1748703303235 0.969677209854126 22
1748703303745 0.9638082981109619 23
1748703304228 0.9719595909118652 24
1748703304731 0.9739158749580383 25
1748703305200 0.982393205165863 26
1748703305703 0.9739158749580383 27
