1748703292242 1.477950930595398 0
1748703292736 1.2788587808609009 1
1748703293236 1.2175545692443848 2
1748703293757 1.1313295364379883 3
1748703294267 0.9294621348381042 4
1748703294781 0.7301172018051147 5
1748703295260 0.5703164935112 6
1748703295736 0.489995539188385 7
1748703296252 0.37512820959091187 8
1748703296745 0.3110639750957489 9
1748703297231 0.2559230923652649 10
1748703297700 0.22595728933811188 11
1748703298213 0.19560906291007996 12
1748703298715 0.17432941496372223 13
1748703299210 0.17121395468711853 14
1748703299711 0.13325820863246918 15
1748703300234 0.13805527985095978 16
1748703300730 0.1465146243572235 17
1748703301241 0.12104478478431702 18
1748703301749 0.11122213304042816 19
1748703302253 0.11269643902778625 20
1748703302748 0.1119135245680809 21
1748703303235 0.11415978521108627 22
1748703303745 0.11601216346025467 23
1748703304228 0.10155150294303894 24
1748703304731 0.09509452432394028 25
1748703305200 0.07507331669330597 26
1748703305703 0.10186728090047836 27
