1748667979272 0.3529624342918396 0
1748667979945 0.3457369804382324 1
1748667980530 0.34140172600746155 2
1748667981173 0.4071531891822815 3
1748667981774 0.6578757166862488 4
1748667982408 0.8005780577659607 5
1748667983046 0.8630780577659607 6
1748667983633 0.910404622554779 7
1748667984215 0.924494206905365 8
1748667984791 0.9479768872261047 9
1748667985420 0.9552023410797119 10
1748667986025 0.9512283205986023 11
1748667986610 0.9588150382041931 12
1748667987202 0.9656791687011719 13
1748667987811 0.9736271500587463 14
1748667988470 0.974711000919342 15
1748667989096 0.9700144529342651 16
1748667989697 0.9794074892997742 17
