1748667979272 1.4576231241226196 0
1748667979945 1.3550889492034912 1
1748667980530 1.2742092609405518 2
1748667981173 1.1391950845718384 3
1748667981774 0.8072078227996826 4
1748667982408 0.5509188175201416 5
1748667983046 0.4004558026790619 6
1748667983633 0.2908577024936676 7
1748667984215 0.2426699995994568 8
1748667984791 0.19192343950271606 9
1748667985420 0.16042491793632507 10
1748667986025 0.1608225256204605 11
1748667986610 0.14735515415668488 12
1748667987202 0.12680751085281372 13
1748667987811 0.10908856987953186 14
1748667988470 0.10271702706813812 15
1748667989096 0.1144135445356369 16
1748667989697 0.09307841211557388 17
