1748679657907 0.3368164300918579 0
1748679658532 0.3225356936454773 1
1748679659019 0.3559735417366028 2
1748679659593 0.34343433380126953 3
1748679660103 0.362243115901947 4
1748679660675 0.41657957434654236 5
1748679661251 0.5527690649032593 6
1748679661757 0.6050156950950623 7
1748679662243 0.6590038537979126 8
1748679662723 0.7725531458854675 9
1748679663236 0.8275862336158752 10
1748679663735 0.8502264022827148 11
1748679664237 0.8613723516464233 12
1748679664735 0.8948101997375488 13
1748679665237 0.9059560894966125 14
1748679665800 0.9219784140586853 15
1748679666278 0.9352142214775085 16
1748679666790 0.9306861758232117 17
1748679667276 0.938697338104248 18
1748679667792 0.9439219832420349 19
1748679668270 0.9515848159790039 20
1748679668760 0.9564611911773682 21
1748679669254 0.9609891772270203 22
1748679669745 0.9655172228813171 23
1748679670251 0.9592476487159729 24
1748679675668 0.9439219832420349 25
