1748679657907 1.4455827474594116 0
1748679658532 1.313275933265686 1
1748679659019 1.22701895236969 2
1748679659593 1.2060128450393677 3
1748679660103 1.1514720916748047 4
1748679660675 1.0778467655181885 5
1748679661251 0.8809105753898621 6
1748679661757 0.7623469829559326 7
1748679662243 0.6836690306663513 8
1748679662723 0.5404843688011169 9
1748679663236 0.44717225432395935 10
1748679663735 0.384417325258255 11
1748679664237 0.3587097227573395 12
1748679664735 0.2899576723575592 13
1748679665237 0.26437443494796753 14
1748679665800 0.23884980380535126 15
1748679666278 0.20927447080612183 16
1748679666790 0.20766134560108185 17
1748679667276 0.1937149614095688 18
1748679667792 0.17529109120368958 19
1748679668270 0.15963749587535858 20
1748679668760 0.15150122344493866 21
1748679669254 0.13546201586723328 22
1748679669745 0.12269090861082077 23
1748679670251 0.1371888816356659 24
1748679675668 0.17529109120368958 25
