1748665014831 0.3434414565563202 0
1748665015656 0.34696754813194275 1
1748665016454 0.3864597976207733 2
1748665017263 0.6138927936553955 3
1748665017945 0.7566995620727539 4
1748665018756 0.8392101526260376 5
1748665019445 0.8928067684173584 6
1748665020113 0.91995769739151 7
1748665020809 0.9298307299613953 8
1748665021488 0.9474611878395081 9
1748665022164 0.9562764167785645 10
1748665022865 0.9425246715545654 11
1748665023575 0.9686177968978882 12
1748665024242 0.9647390842437744 13
1748665024948 0.9714386463165283 14
1748665025630 0.9756699800491333 15
1748665026333 0.9735543131828308 16
1748665027014 0.9724964499473572 17
1748665027704 0.9795486330986023 18
1748665028368 0.9742594957351685 19
1748665029029 0.9707334041595459 20
1748665029708 0.9753173589706421 21
1748665035393 0.9735543131828308 22
