1748665014831 1.5011520385742188 0
1748665015656 1.3263888359069824 1
1748665016454 1.2022582292556763 2
1748665017263 0.8535562753677368 3
1748665017945 0.6339235901832581 4
1748665018756 0.45361462235450745 5
1748665019445 0.328518271446228 6
1748665020113 0.2585562467575073 7
1748665020809 0.2265055924654007 8
1748665021488 0.18705153465270996 9
1748665022164 0.15499508380889893 10
1748665022865 0.18497604131698608 11
1748665023575 0.13390366733074188 12
1748665024242 0.12634220719337463 13
1748665024948 0.11017366498708725 14
1748665025630 0.10615447908639908 15
1748665026333 0.10143381357192993 16
1748665027014 0.10654965043067932 17
1748665027704 0.09467855840921402 18
1748665028368 0.10692084580659866 19
1748665029029 0.09086354076862335 20
1748665029708 0.09579447656869888 21
1748665035393 0.10143381357192993 22
