1748668068642 0.3190183937549591 0
1748668069484 0.3459441065788269 1
1748668070114 0.3701431453227997 2
1748668070849 0.3684389889240265 3
1748668071583 0.45296522974967957 4
1748668072288 0.5565780401229858 5
1748668072841 0.6349693536758423 6
1748668073418 0.7317655086517334 7
1748668074103 0.814928412437439 8
1748668074808 0.8531015515327454 9
1748668075416 0.873210608959198 10
1748668076032 0.9011588096618652 11
1748668076637 0.9171779155731201 12
1748668077245 0.9243353605270386 13
1748668082315 0.814928412437439 14
