1748668068642 1.4863815307617188 0
1748668069484 1.322130560874939 1
1748668070114 1.2225803136825562 2
1748668070849 1.1801784038543701 3
1748668071583 1.0333983898162842 4
1748668072288 0.8652194142341614 5
1748668072841 0.752406120300293 6
1748668073418 0.6060507893562317 7
1748668074103 0.4735458493232727 8
1748668074808 0.39756715297698975 9
1748668075416 0.34929120540618896 10
1748668076032 0.2894318401813507 11
1748668076637 0.24395065009593964 12
1748668077245 0.22845016419887543 13
1748668082315 0.4735458493232727 14
