1748752619621 0.3655770421028137 0
1748752620457 0.5200133323669434 1
1748752621205 0.7128085494041443 2
1748752622025 0.8062041401863098 3
1748752622717 0.8762508630752563 4
1748752623421 0.914943277835846 5
1748752624136 0.945963978767395 6
1748752624838 0.9442961812019348 7
1748752625560 0.9599733352661133 8
1748752626256 0.9599733352661133 9
1748752626953 0.9633088707923889 10
1748752627653 0.9659773111343384 11
1748752628331 0.9649766683578491 12
1748752629015 0.9713141918182373 13
1748752637112 0.9599733352661133 14
