1748752619621 1.4394447803497314 0
1748752620457 1.078885793685913 1
1748752621205 0.7369518280029297 2
1748752622025 0.530586838722229 3
1748752622717 0.3843344748020172 4
1748752623421 0.2872714102268219 5
1748752624136 0.2181054800748825 6
1748752624838 0.20065657794475555 7
1748752625560 0.15453611314296722 8
1748752626256 0.16416165232658386 9
1748752626953 0.14271743595600128 10
1748752627653 0.14408661425113678 11
1748752628331 0.1421067714691162 12
1748752629015 0.1256355196237564 13
1748752637112 0.15453611314296722 14
