1748664858540 0.32211539149284363 0
1748664859417 0.3506181240081787 1
1748664860068 0.3392857015132904 2
1748664860712 0.3612637221813202 3
1748664861451 0.4241071343421936 4
1748664862141 0.49416208267211914 5
1748664862912 0.625 6
1748664863528 0.7177197933197021 7
1748664864207 0.7747252583503723 8
1748664864852 0.8125 9
1748664865510 0.8444368243217468 10
1748664866126 0.8808379173278809 11
1748664866766 0.901098906993866 12
1748664867387 0.916208803653717 13
1748664868037 0.9299450516700745 14
1748664868665 0.9337225556373596 15
1748664869293 0.9505494236946106 16
1748664869903 0.9488323926925659 17
1748664870535 0.9539835453033447 18
1748664871170 0.9536401033401489 19
1748664871806 0.9498626589775085 20
1748664872413 0.9625687003135681 21
1748664877410 0.9505494236946106 22
