1748664858540 1.5481423139572144 0
1748664859417 1.3449949026107788 1
1748664860068 1.2980616092681885 2
1748664860712 1.2092804908752441 3
1748664861451 1.1032997369766235 4
1748664862141 1.0086942911148071 5
1748664862912 0.8561547994613647 6
1748664863528 0.7138286828994751 7
1748664864207 0.5805394649505615 8
1748664864852 0.504971444606781 9
1748664865510 0.426952987909317 10
1748664866126 0.3411847949028015 11
1748664866766 0.2995167076587677 12
1748664867387 0.26109954714775085 13
1748664868037 0.21829882264137268 14
1748664868665 0.21359550952911377 15
1748664869293 0.17120620608329773 16
1748664869903 0.16158713400363922 17
1748664870535 0.16675283014774323 18
1748664871170 0.14868034422397614 19
1748664871806 0.16200755536556244 20
1748664872413 0.14104488492012024 21
1748664877410 0.17120620608329773 22
