1748665272847 0.3481265902519226 0
1748665273314 0.33757731318473816 1
1748665273722 0.3517642915248871 2
1748665274174 0.3815933167934418 3
1748665274621 0.5481993556022644 4
1748665275067 0.7559112310409546 5
1748665275512 0.8403055667877197 6
1748665275957 0.8759548664093018 7
1748665276447 0.8901418447494507 8
1748665276881 0.9156056642532349 9
1748665277312 0.9279738068580627 10
1748665277745 0.947981059551239 11
1748665278163 0.947981059551239 12
1748665278622 0.9618042707443237 13
1748665279051 0.9625318050384521 14
