1748665272847 1.521782398223877 0
1748665273314 1.3733251094818115 1
1748665273722 1.2912509441375732 2
1748665274174 1.1912341117858887 3
1748665274621 0.9247347116470337 4
1748665275067 0.6247888803482056 5
1748665275512 0.4722015857696533 6
1748665275957 0.3836919367313385 7
1748665276447 0.33125999569892883 8
1748665276881 0.25858378410339355 9
1748665277312 0.22749358415603638 10
1748665277745 0.18487723171710968 11
1748665278163 0.17296157777309418 12
1748665278622 0.1431409865617752 13
1748665279051 0.14555537700653076 14
