1748677507400 0.33322182297706604 0
1748677507895 0.33723652362823486 1
1748677508358 0.3563064634799957 2
1748677508878 0.38307127356529236 3
1748677509371 0.4827701449394226 4
1748677509859 0.5573770403862 5
1748677510363 0.6339913010597229 6
1748677510860 0.7377049326896667 7
1748677511371 0.8079625368118286 8
1748677511878 0.834392786026001 9
1748677512371 0.8698561191558838 10
1748677512876 0.8832385540008545 11
1748677513356 0.9136835336685181 12
1748677513855 0.9207092523574829 13
1748677514362 0.9267313480377197 14
1748677514867 0.9401137232780457 15
1748677515368 0.946804940700531 16
1748677515869 0.9451321363449097 17
1748677516350 0.9514887928962708 18
1748677516833 0.9621947407722473 19
