1748677507400 1.4904183149337769 0
1748677507895 1.3510591983795166 1
1748677508358 1.2492451667785645 2
1748677508878 1.1585572957992554 3
1748677509371 0.9855495691299438 4
1748677509859 0.8463464975357056 5
1748677510363 0.7325164675712585 6
1748677510860 0.6034799814224243 7
1748677511371 0.5017980933189392 8
1748677511878 0.41855207085609436 9
1748677512371 0.351855605840683 10
1748677512876 0.32326215505599976 11
1748677513356 0.24672868847846985 12
1748677513855 0.22565162181854248 13
1748677514362 0.2186356484889984 14
1748677514867 0.18503619730472565 15
1748677515368 0.16381335258483887 16
1748677515869 0.17140696942806244 17
1748677516350 0.16280673444271088 18
1748677516833 0.13393959403038025 19
