1748752434987 0.35306334495544434 0
1748752435575 0.3433714210987091 1
1748752436166 0.3537556231021881 2
1748752436782 0.36067843437194824 3
1748752437344 0.39633092284202576 4
1748752437933 0.5707857608795166 5
1748752438523 0.7196261882781982 6
1748752439051 0.7718933820724487 7
1748752439616 0.822429895401001 8
1748752440120 0.8719279766082764 9
1748752440625 0.8913118839263916 10
1748752441120 0.9169262647628784 11
1748752441612 0.9203876852989197 12
1748752442121 0.9259259104728699 13
1748752442620 0.9359639883041382 14
1748752443137 0.9463481903076172 15
1748752443630 0.9522325992584229 16
1748752444146 0.9498096108436584 17
1748752450427 0.9203876852989197 18
