1748752434987 1.4628937244415283 0
1748752435575 1.3392378091812134 1
1748752436166 1.25113844871521 2
1748752436782 1.2030067443847656 3
1748752437344 1.1241947412490845 4
1748752437933 0.9225950241088867 5
1748752438523 0.7102648019790649 6
1748752439051 0.5701608061790466 7
1748752439616 0.4760366678237915 8
1748752440120 0.37147289514541626 9
1748752440625 0.33626142144203186 10
1748752441120 0.2697470486164093 11
1748752441612 0.23473073542118073 12
1748752442121 0.23337726294994354 13
1748752442620 0.20031233131885529 14
1748752443137 0.17889301478862762 15
1748752443630 0.1756618767976761 16
1748752444146 0.1696489453315735 17
1748752450427 0.23473073542118073 18
