1748681057223 0.3406127691268921 0
1748681057846 0.3582138121128082 1
1748681058489 0.3604954481124878 2
1748681059084 0.3813559412956238 3
1748681059726 0.44426336884498596 4
1748681060333 0.5645371675491333 5
1748681060868 0.6753585338592529 6
1748681061378 0.7503259181976318 7
1748681061896 0.7959582805633545 8
1748681062435 0.8298565745353699 9
1748681062961 0.8745110630989075 10
1748681063483 0.9038461446762085 11
1748681064020 0.9067796468734741 12
1748681064537 0.9286180138587952 13
1748681065104 0.9269882440567017 14
1748681065623 0.9400261044502258 15
1748681071853 0.8745110630989075 16
