1748681057223 1.5329138040542603 0
1748681057846 1.3568928241729736 1
1748681058489 1.2433534860610962 2
1748681059084 1.1692606210708618 3
1748681059726 1.0440739393234253 4
1748681060333 0.9186460971832275 5
1748681060868 0.7561167478561401 6
1748681061378 0.6088076233863831 7
1748681061896 0.5287011861801147 8
1748681062435 0.43854472041130066 9
1748681062961 0.361349493265152 10
1748681063483 0.28628039360046387 11
1748681064020 0.2868483364582062 12
1748681064537 0.22046765685081482 13
1748681065104 0.21920835971832275 14
1748681065623 0.19096417725086212 15
1748681071853 0.361349493265152 16
