1748667766263 0.33356305956840515 0
1748667766914 0.34252241253852844 1
1748667767469 0.3742246627807617 2
1748667768014 0.45968297123908997 3
1748667768573 0.5913163423538208 4
1748667769140 0.7742936015129089 5
1748667769680 0.8432115912437439 6
1748667770227 0.8814610838890076 7
1748667770701 0.8966230154037476 8
1748667771169 0.924534797668457 9
1748667771643 0.9341832995414734 10
1748667772100 0.9400413632392883 11
1748667772566 0.960716724395752 12
1748667773048 0.9531357884407043 13
1748667778588 0.8966230154037476 14
