1748667766263 1.461384892463684 0
1748667766914 1.318686842918396 1
1748667767469 1.185715675354004 2
1748667768014 1.039738655090332 3
1748667768573 0.8164985179901123 4
1748667769140 0.5802454352378845 5
1748667769680 0.43708208203315735 6
1748667770227 0.355697363615036 7
1748667770701 0.324072927236557 8
1748667771169 0.238143652677536 9
1748667771643 0.2149662971496582 10
1748667772100 0.20182448625564575 11
1748667772566 0.15847660601139069 12
1748667773048 0.158196821808815 13
1748667778588 0.324072927236557 14
