1748704433229 0.3390619456768036 0
1748704433794 0.3415682017803192 1
1748704434292 0.32867884635925293 2
1748704434777 0.3372717499732971 3
1748704435267 0.35374149680137634 4
1748704435746 0.3712853491306305 5
1748704436286 0.380952388048172 6
1748704436823 0.49516648054122925 7
1748704437382 0.6190476417541504 8
1748704437935 0.7486573457717896 9
1748704438421 0.8360186219215393 10
1748704438975 0.8911564350128174 11
1748704439396 0.9147869944572449 12
1748704439883 0.9251700639724731 13
1748704440340 0.9459362626075745 14
1748704440812 0.9473684430122375 15
1748704441308 0.955603301525116 16
1748704441760 0.9566774368286133 17
1748704442260 0.9570354223251343 18
1748704442730 0.9624060392379761 19
1748704448945 0.9459362626075745 20
