1748704433229 1.4338531494140625 0
1748704433794 1.3149170875549316 1
1748704434292 1.258741021156311 2
1748704434777 1.2190325260162354 3
1748704435267 1.1770703792572021 4
1748704435746 1.135127305984497 5
1748704436286 1.1171027421951294 6
1748704436823 0.9883788824081421 7
1748704437382 0.8097594976425171 8
1748704437935 0.6079760789871216 9
1748704438421 0.45918989181518555 10
1748704438975 0.3234669268131256 11
1748704439396 0.2651861608028412 12
1748704439883 0.24555768072605133 13
1748704440340 0.18096908926963806 14
1748704440812 0.18232935667037964 15
1748704441308 0.15580086410045624 16
1748704441760 0.15561138093471527 17
1748704442260 0.13758525252342224 18
1748704442730 0.1314341425895691 19
1748704448945 0.18096908926963806 20
