1748680056938 0.342041939496994 0
1748680057542 0.3458233177661896 1
1748680058156 0.3413544297218323 2
1748680058729 0.33963561058044434 3
1748680059244 0.4193881154060364 4
1748680059841 0.5039532780647278 5
1748680060431 0.5513922572135925 6
1748680061012 0.620488166809082 7
1748680061528 0.7091783881187439 8
1748680062113 0.7834307551383972 9
1748680062654 0.8195255994796753 10
1748680063157 0.8477140069007874 11
1748680063759 0.8906840682029724 12
1748680064293 0.9164661169052124 13
1748680064825 0.9192162156105042 14
1748680065343 0.9281539916992188 15
1748680065851 0.9463733434677124 16
1748680066337 0.9504984617233276 17
1748680066863 0.946029543876648 18
1748680067360 0.9570298790931702 19
1748680067886 0.9666551947593689 20
1748680068366 0.9652801752090454 21
1748680127446 0.9463733434677124 22
