1748680056938 1.4490883350372314 0
1748680057542 1.2912269830703735 1
1748680058156 1.2417972087860107 2
1748680058729 1.1960731744766235 3
1748680059244 1.0936381816864014 4
1748680059841 0.9807881116867065 5
1748680060431 0.8995540738105774 6
1748680061012 0.7946875691413879 7
1748680061528 0.6730189323425293 8
1748680062113 0.5455408096313477 9
1748680062654 0.467222660779953 10
1748680063157 0.40670278668403625 11
1748680063759 0.31997150182724 12
1748680064293 0.26078471541404724 13
1748680064825 0.25216764211654663 14
1748680065343 0.22719605267047882 15
1748680065851 0.18398450314998627 16
1748680066337 0.16746950149536133 17
1748680066863 0.16645240783691406 18
1748680067360 0.148384690284729 19
1748680067886 0.12737849354743958 20
1748680068366 0.12711173295974731 21
1748680127446 0.18398450314998627 22
