1748680098201 0.33894312381744385 0
1748680098746 0.3264893889427185 1
1748680099270 0.35610905289649963 2
1748680099754 0.34769436717033386 3
1748680100224 0.349377304315567 4
1748680100785 0.3719286322593689 5
1748680101242 0.5069000124931335 6
1748680101771 0.7280377149581909 7
1748680102275 0.7929989695549011 8
1748680102821 0.8404577374458313 9
1748680103343 0.8731067180633545 10
1748680103807 0.9097946882247925 11
1748680104231 0.9171996116638184 12
1748680104696 0.9165264368057251 13
1748680105154 0.9498485326766968 14
1748680105580 0.9447997212409973 15
1748680105991 0.95052170753479 16
1748680121323 0.9097946882247925 17
