1748680098201 1.470638394355774 0
1748680098746 1.3146681785583496 1
1748680099270 1.2193001508712769 2
1748680099754 1.1886950731277466 3
1748680100224 1.1600252389907837 4
1748680100785 1.126190423965454 5
1748680101242 0.968338131904602 6
1748680101771 0.673232913017273 7
1748680102275 0.5346673727035522 8
1748680102821 0.42246106266975403 9
1748680103343 0.3496147096157074 10
1748680103807 0.2695375680923462 11
1748680104231 0.24473947286605835 12
1748680104696 0.22682341933250427 13
1748680105154 0.16975027322769165 14
1748680105580 0.16924922168254852 15
1748680105991 0.15873730182647705 16
1748680121323 0.2695375680923462 17
