1748752256090 0.3376152813434601 0
1748752256700 0.3537549376487732 1
1748752257291 0.3386034369468689 2
1748752257810 0.3445322811603546 3
1748752258428 0.3491436243057251 4
1748752259001 0.3906455934047699 5
1748752259644 0.5032938122749329 6
1748752260258 0.6857707500457764 7
1748752260887 0.7598814368247986 8
1748752261461 0.8188405632972717 9
1748752261978 0.8471673130989075 10
1748752262492 0.895915687084198 11
1748752263026 0.9104084372520447 12
1748752263521 0.9262186884880066 13
1748752264063 0.9235836863517761 14
1748752264607 0.9278656244277954 15
1748752265105 0.9367588758468628 16
1748752271573 0.895915687084198 17
