1748752256090 1.465127944946289 0
1748752256700 1.3224910497665405 1
1748752257291 1.266724705696106 2
1748752257810 1.211749792098999 3
1748752258428 1.1691477298736572 4
1748752259001 1.1177150011062622 5
1748752259644 1.006535291671753 6
1748752260258 0.7904492616653442 7
1748752260887 0.6297354698181152 8
1748752261461 0.4862811267375946 9
1748752261978 0.4058677852153778 10
1748752262492 0.3157843351364136 11
1748752263026 0.2702098786830902 12
1748752263521 0.23554588854312897 13
1748752264063 0.23777472972869873 14
1748752264607 0.23674830794334412 15
1748752265105 0.1934278905391693 16
1748752271573 0.3157843351364136 17
