1748665205457 0.3318762481212616 0
1748665206163 0.3375924825668335 1
1748665206702 0.3362474739551544 2
1748665207240 0.35675856471061707 3
1748665207793 0.38500335812568665 4
1748665208385 0.4717552065849304 5
1748665208945 0.5390046834945679 6
1748665209511 0.5850706100463867 7
1748665210050 0.625420331954956 8
1748665210536 0.7047747373580933 9
1748665211027 0.7666442394256592 10
1748665211587 0.8217888474464417 11
1748665212078 0.8604573011398315 12
1748665212573 0.8796234130859375 13
1748665213037 0.8843308687210083 14
1748665213530 0.8954270482063293 15
1748665218469 0.7666442394256592 16
