1748665205457 1.5299456119537354 0
1748665206163 1.3320170640945435 1
1748665206702 1.2681063413619995 2
1748665207240 1.1905951499938965 3
1748665207793 1.1185529232025146 4
1748665208385 1.0054131746292114 5
1748665208945 0.8745216727256775 6
1748665209511 0.7660837173461914 7
1748665210050 0.7164143323898315 8
1748665210536 0.6287184953689575 9
1748665211027 0.5520000457763672 10
1748665211587 0.4482974708080292 11
1748665212078 0.3838644325733185 12
1748665212573 0.34005206823349 13
1748665213037 0.3359794616699219 14
1748665213530 0.29343345761299133 15
1748665218469 0.5520000457763672 16
