1748680222462 0.34123387932777405 0
1748680222947 0.3360055685043335 1
1748680223429 0.35587313771247864 2
1748680223893 0.3391425609588623 3
1748680224379 0.3530847132205963 4
1748680224857 0.43848031759262085 5
1748680225309 0.5451377034187317 6
1748680225791 0.5981178283691406 7
1748680226267 0.6430811882019043 8
1748680226734 0.7093063592910767 9
1748680227192 0.7818055152893066 10
1748680227674 0.8142209649085999 11
1748680228157 0.8466364741325378 12
1748680228661 0.8766120672225952 13
1748680229126 0.8947368264198303 14
1748680229597 0.9104217290878296 15
1748680230047 0.9142558574676514 16
