1748680222462 1.4812583923339844 0
1748680222947 1.364431619644165 1
1748680223429 1.2546683549880981 2
1748680223893 1.2222501039505005 3
1748680224379 1.1770298480987549 4
1748680224857 1.0545085668563843 5
1748680225309 0.8832412362098694 6
1748680225791 0.7983115315437317 7
1748680226267 0.7010214328765869 8
1748680226734 0.6350088119506836 9
1748680227192 0.5300074219703674 10
1748680227674 0.4484734833240509 11
1748680228157 0.3893505930900574 12
1748680228661 0.3347871005535126 13
1748680229126 0.2834858000278473 14
1748680229597 0.2586861848831177 15
1748680230047 0.2307942658662796 16
