1748667602932 0.3525662422180176 0
1748667603669 0.3763837516307831 1
1748667604258 0.35625627636909485 2
1748667604881 0.4820530116558075 3
1748667605570 0.6618584394454956 4
1748667606291 0.7963770627975464 5
1748667606976 0.8664877414703369 6
1748667607603 0.8980208039283752 7
1748667608210 0.9379402995109558 8
1748667608838 0.9540422558784485 9
1748667609456 0.9500167965888977 10
1748667610070 0.9563905000686646 11
1748667610703 0.9664542078971863 12
1748667611292 0.9741697311401367 13
1748667611889 0.9761824607849121 14
1748667616161 0.9540422558784485 15
