1748667602932 1.4522491693496704 0
1748667603669 1.2922134399414062 1
1748667604258 1.2315831184387207 2
1748667604881 1.0276451110839844 3
1748667605570 0.7571877837181091 4
1748667606291 0.5494115352630615 5
1748667606976 0.3929033577442169 6
1748667607603 0.3222787082195282 7
1748667608210 0.2235373556613922 8
1748667608838 0.1802099347114563 9
1748667609456 0.18876546621322632 10
1748667610070 0.16936670243740082 11
1748667610703 0.1378432661294937 12
1748667611292 0.11968368291854858 13
1748667611889 0.11032230406999588 14
1748667616161 0.1802099347114563 15
