1748663273976 0.33388814330101013 0
1748663274786 0.3412117063999176 1
1748663275520 0.3378828167915344 2
1748663276177 0.34953394532203674 3
1748663276844 0.3475366234779358 4
1748663277466 0.3705059885978699 5
1748663278193 0.5579227805137634 6
1748663278848 0.6687749624252319 7
1748663279548 0.7683089375495911 8
1748663280212 0.8175765872001648 9
1748663280846 0.8668442368507385 10
1748663281512 0.9001331329345703 11
1748663282145 0.9057922959327698 12
1748663282877 0.9317576289176941 13
1748663283527 0.9427430033683777 14
1748663284174 0.9397469758987427 15
1748663284805 0.9480692148208618 16
1748663285430 0.9474034905433655 17
1748663286090 0.9517310261726379 18
1748663286733 0.9567243456840515 19
1748663287364 0.959387481212616 20
1748663288004 0.9653794765472412 21
1748663292981 0.9480692148208618 22
