1748663273976 1.4402947425842285 0
1748663274786 1.2967114448547363 1
1748663275520 1.2382398843765259 2
1748663276177 1.1972779035568237 3
1748663276844 1.1646862030029297 4
1748663277466 1.1155589818954468 5
1748663278193 0.8964341282844543 6
1748663278848 0.722690224647522 7
1748663279548 0.5654090642929077 8
1748663280212 0.46323361992836 9
1748663280846 0.36986199021339417 10
1748663281512 0.29157373309135437 11
1748663282145 0.26979368925094604 12
1748663282877 0.21117006242275238 13
1748663283527 0.19110219180583954 14
1748663284174 0.18683233857154846 15
1748663284805 0.16613876819610596 16
1748663285430 0.168105810880661 17
1748663286090 0.16110190749168396 18
1748663286733 0.13727271556854248 19
1748663287364 0.13866297900676727 20
1748663288004 0.12926813960075378 21
1748663292981 0.16613876819610596 22
