1748705160638 0.3295610547065735 0
1748705161231 0.32064470648765564 1
1748705161711 0.3470507562160492 2
1748705162213 0.36282578110694885 3
1748705162832 0.4506172835826874 4
1748705163398 0.5757887363433838 5
1748705163976 0.6683813333511353 6
1748705164499 0.7829217910766602 7
1748705165025 0.8329904079437256 8
1748705165514 0.8775720000267029 9
1748705166014 0.8981481194496155 10
1748705166607 0.9170095920562744 11
1748705167084 0.9327846169471741 12
1748705167586 0.9502743482589722 13
1748705168105 0.9485596418380737 14
1748705168616 0.957476019859314 15
1748705220465 0.8981481194496155 16
