1748705160638 1.4108567237854004 0
1748705161231 1.2941045761108398 1
1748705161711 1.2261053323745728 2
1748705162213 1.153279423713684 3
1748705162832 1.0251208543777466 4
1748705163398 0.8488341569900513 5
1748705163976 0.7062453031539917 6
1748705164499 0.5449581742286682 7
1748705165025 0.43399885296821594 8
1748705165514 0.3353882431983948 9
1748705166014 0.28548336029052734 10
1748705166607 0.23604021966457367 11
1748705167084 0.21561269462108612 12
1748705167586 0.17065328359603882 13
1748705168105 0.1758224368095398 14
1748705168616 0.14939765632152557 15
1748705220465 0.28548336029052734 16
