1748708198908 0.33686235547065735 0
1748708199587 0.3506576716899872 1
1748708200125 0.35771575570106506 2
1748708200657 0.36252808570861816 3
1748708201289 0.4982354938983917 4
1748708201932 0.6859159469604492 5
1748708202568 0.775104284286499 6
1748708203102 0.826756477355957 7
1748708203663 0.8800128102302551 8
1748708204271 0.9047160744667053 9
1748708204835 0.9201154708862305 10
1748708205374 0.9310234189033508 11
1748708205923 0.9342316389083862 12
1748708206478 0.955085039138794 13
1748708207015 0.9528392553329468 14
1748708207538 0.9470644593238831 15
1748708213836 0.9201154708862305 16
