1748708198908 1.4438570737838745 0
1748708199587 1.2718710899353027 1
1748708200125 1.2177708148956299 2
1748708200657 1.1605286598205566 3
1748708201289 1.002100944519043 4
1748708201932 0.7419752478599548 5
1748708202568 0.5621567368507385 6
1748708203102 0.45342764258384705 7
1748708203663 0.34809648990631104 8
1748708204271 0.2876020669937134 9
1748708204835 0.2445664256811142 10
1748708205374 0.22551541030406952 11
1748708205923 0.2102060317993164 12
1748708206478 0.1552695631980896 13
1748708207015 0.16633397340774536 14
1748708207538 0.15539643168449402 15
1748708213836 0.2445664256811142 16
