1748661285576 0.34036940336227417 0
1748661286242 0.3476253151893616 1
1748661286777 0.38291555643081665 2
1748661287288 0.41754618287086487 3
1748661287799 0.565963089466095 4
1748661288384 0.7137203216552734 5
1748661288981 0.8192611932754517 6
1748661289501 0.8690633177757263 7
1748661290048 0.8951187133789062 8
1748661290539 0.9195250868797302 9
1748661291061 0.9442611932754517 10
1748661291555 0.9455804824829102 11
1748661292062 0.9501978754997253 12
1748661292579 0.9472295641899109 13
1748661298120 0.8951187133789062 14
