1748661285576 1.510155200958252 0
1748661286242 1.3554141521453857 1
1748661286777 1.20697820186615 2
1748661287288 1.1216191053390503 3
1748661287799 0.9095422029495239 4
1748661288384 0.6964938044548035 5
1748661288981 0.5181043148040771 6
1748661289501 0.3805801272392273 7
1748661290048 0.29517683386802673 8
1748661290539 0.24445964395999908 9
1748661291061 0.20406919717788696 10
1748661291555 0.18561013042926788 11
1748661292062 0.171182319521904 12
1748661292579 0.15953698754310608 13
1748661298120 0.29517683386802673 14
