1748680537585 0.33191490173339844 0
1748680538111 0.34697216749191284 1
1748680538597 0.3548281490802765 2
1748680539098 0.36333879828453064 3
1748680539597 0.36824876070022583 4
1748680540098 0.4471358358860016 5
1748680540591 0.5247135758399963 6
1748680541082 0.6085106134414673 7
1748680541598 0.7008183598518372 8
1748680542112 0.80130934715271 9
1748680542608 0.8592471480369568 10
1748680543107 0.8939443826675415 11
1748680543615 0.907037615776062 12
1748680544111 0.9263502359390259 13
1748680544609 0.9112929701805115 14
1748680545118 0.93486088514328 15
1748680545624 0.9417348504066467 16
1748680546119 0.9603927731513977 17
1748680546615 0.9639934301376343 18
1748680547131 0.9594107866287231 19
1748680547616 0.9502454996109009 20
1748680548120 0.9554828405380249 21
