1748680537585 1.4771615266799927 0
1748680538111 1.3058140277862549 1
1748680538597 1.2275859117507935 2
1748680539098 1.1778349876403809 3
1748680539597 1.136492371559143 4
1748680540098 1.0368285179138184 5
1748680540591 0.8959629535675049 6
1748680541082 0.7713112831115723 7
1748680541598 0.650606632232666 8
1748680542112 0.49714192748069763 9
1748680542608 0.3932309150695801 10
1748680543107 0.32479327917099 11
1748680543615 0.2790878415107727 12
1748680544111 0.22119122743606567 13
1748680544609 0.25457683205604553 14
1748680545118 0.19533823430538177 15
1748680545624 0.1855659782886505 16
1748680546119 0.14471709728240967 17
1748680546615 0.12868158519268036 18
1748680547131 0.14772135019302368 19
1748680547616 0.16625887155532837 20
1748680548120 0.1373586803674698 21
