1748680457089 0.34721288084983826 0
1748680457596 0.328744113445282 1
1748680458081 0.34318333864212036 2
1748680458586 0.34721288084983826 3
1748680459090 0.36165210604667664 4
1748680459577 0.4429146945476532 5
1748680460084 0.48992612957954407 6
1748680460588 0.5530557632446289 7
1748680461087 0.6155137419700623 8
1748680461583 0.6642041802406311 9
1748680462099 0.7384150624275208 10
1748680462600 0.8129616975784302 11
1748680463111 0.8357958197593689 12
1748680463625 0.8713902235031128 13
1748680464117 0.9093351364135742 14
1748680464601 0.91302889585495 15
1748680465101 0.9281396865844727 16
1748680465617 0.9308260679244995 17
1748680466107 0.938213586807251 18
1748680466604 0.9506379961967468 19
1748680467108 0.9459368586540222 20
1748680467589 0.9620550870895386 21
1748680468082 0.9553391337394714 22
1748680468581 0.957353949546814 23
