1748680457089 1.3980882167816162 0
1748680457596 1.3167871236801147 1
1748680458081 1.237706184387207 2
1748680458586 1.1935309171676636 3
1748680459090 1.1489653587341309 4
1748680459577 1.033805012702942 5
1748680460084 0.965265691280365 6
1748680460588 0.8443158268928528 7
1748680461087 0.7503075003623962 8
1748680461583 0.6873413920402527 9
1748680462099 0.6007763147354126 10
1748680462600 0.4717048108577728 11
1748680463111 0.42298948764801025 12
1748680463625 0.3637979030609131 13
1748680464117 0.2720513939857483 14
1748680464601 0.25528764724731445 15
1748680465101 0.231196790933609 16
1748680465617 0.2115979641675949 17
1748680466107 0.19111646711826324 18
1748680466604 0.15762804448604584 19
1748680467108 0.17078828811645508 20
1748680467589 0.14115683734416962 21
1748680468082 0.14546428620815277 22
1748680468581 0.13247744739055634 23
