1748703511121 0.33098840713500977 0
1748703511737 0.33837494254112244 1
1748703512330 0.3538515567779541 2
1748703512851 0.35842418670654297 3
1748703513436 0.39957791566848755 4
1748703513940 0.5079141855239868 5
1748703514518 0.6676046252250671 6
1748703515088 0.7558916807174683 7
1748703515601 0.8153359293937683 8
1748703516120 0.8723179697990417 9
1748703516635 0.8906084895133972 10
1748703517119 0.9198030233383179 11
1748703517639 0.9370383620262146 12
1748703518118 0.9416109919548035 13
1748703518620 0.9373900890350342 14
1748703519124 0.9433696866035461 15
1748703519623 0.9497010111808777 16
1748703520118 0.9648258686065674 17
1748703571939 0.9370383620262146 18
