1748703511121 1.4643611907958984 0
1748703511737 1.3245562314987183 1
1748703512330 1.2373045682907104 2
1748703512851 1.1831225156784058 3
1748703513436 1.1211423873901367 4
1748703513940 0.98176109790802 5
1748703514518 0.7978559136390686 6
1748703515088 0.6201157569885254 7
1748703515601 0.4918316900730133 8
1748703516120 0.37754639983177185 9
1748703516635 0.3203560709953308 10
1748703517119 0.2607315480709076 11
1748703517639 0.23133976757526398 12
1748703518118 0.1903609186410904 13
1748703518620 0.19571535289287567 14
1748703519124 0.1869148313999176 15
1748703519623 0.16977548599243164 16
1748703520118 0.14119143784046173 17
1748703571939 0.23133976757526398 18
